0.265226 1.02469 0.248736 
0.253258 1.02443 0.260668 
0.249513 1.00841 0.256398 
0.244326 1.02462 0.269483 
0.256031 1.02281 0.256663 
0.244353 1.00692 0.260652 
0.236604 1.00908 0.269731 
0.260014 1.02453 0.253249 
0.244563 1.02309 0.268769 
0.243984 1.02432 0.269679 
0.232071 1.00586 0.272968 
0.235408 1.00504 0.268891 
0.21772 0.990764 0.279795 
0.210779 0.959972 0.271306 
0.225745 0.988837 0.270056 
0.21404 0.970975 0.273578 
0.198886 0.900834 0.253481 
0.212189 0.932933 0.255406 
0.21822 0.975526 0.271134 
0.214907 0.975888 0.275074 
0.227026 0.976513 0.262203 
0.234668 0.992264 0.26215 
0.238468 0.994848 0.259332 
0.227401 1.00913 0.278751 
0.22782 0.99467 0.270679 
0.216312 0.977541 0.274362 
0.226513 0.966808 0.25794 
0.234292 1.07383 0.306087 
0.233316 0.978183 0.256755 
0.233368 0.96146 0.248359 
0.262987 1.06932 0.273319 
0.266816 1.06929 0.269333 
0.258016 1.07722 0.282706 
0.251884 1.07383 0.287092 
0.22317 0.964655 0.260713 
0.233399 0.976238 0.255933 
0.24278 0.98896 0.252349 
0.2356 0.989117 0.259964 
0.266923 1.06483 0.267456 
0.239094 0.973744 0.248409 
0.239165 0.973526 0.248227 
0.242647 0.98806 0.252018 
0.235313 0.988063 0.259717 
0.256428 1.06365 0.276833 
0.262809 1.06807 0.272866 
0.240498 0.975958 0.248312 
0.235327 0.988021 0.259653 
0.246436 0.973626 0.240873 
0.246456 0.973558 0.240817 
0.250059 0.988016 0.244449 
0.246393 0.973539 0.240877 
0.239189 0.973698 0.248269 
0.225678 0.918219 0.23404 
0.238973 0.973576 0.248434 
0.235304 0.989915 0.260433 
0.242717 0.990633 0.253035 
0.242803 0.990653 0.252962 
0.250138 1.00515 0.252789 
0.24895 1.00299 0.252758 
0.256144 1.00504 0.24649 
0.242521 0.990009 0.25291 
0.245084 1.00496 0.257598 
0.249796 0.990078 0.245552 
0.242559 0.990143 0.252939 
0.24604 1.00476 0.256772 
0.238779 0.989963 0.25678 
0.20382 0.944421 0.272398 
0.21709 0.958645 0.264767 
0.229265 1.00702 0.277072 
0.228997 1.00685 0.277271 
0.218159 0.975191 0.272731 
0.218323 0.959801 0.264394 
0.20866 0.917053 0.252662 
0.229894 1.0221 0.285285 
0.225576 0.991348 0.279083 
0.231826 1.02277 0.292454 
0.22295 0.990421 0.292021 
0.237553 1.00433 0.294511 
0.247494 1.02004 0.296498 
0.204357 0.904764 0.280233 
0.246107 1.01851 0.317446 
0.199596 0.932201 0.329577 
0.240729 1.01858 0.343289 
0.214959 1.01755 0.380139 
0.163628 0.847232 0.367444 
0.155404 1.01553 0.49742 
0.130342 0.800058 0.414017 
0.115797 1.0161 0.62354 
0.0923117 1.01569 0.7274 
0.0787244 0.90439 0.728822 
0.0718659 1.01415 0.986216 
0.0931478 0.177484 0.0159288 
0.102823 0.692708 0.879215 
0.152056 0.472271 0.849905 
0.117503 0.235322 0.397496 
0.156093 0.170037 0.369097 
0.117873 0.164977 0.362971 
0.122384 0.148672 0.362115 
0.0788528 0.184915 0.024278 
0.120823 0.117451 0.316711 
0.145252 0.103282 0.325395 
0.159572 0.0937903 0.319897 
0.309023 0.129551 0.329164 
0.15433 0.0896903 0.309186 
0.15816 0.0922984 0.31418 
0.241509 0.168442 0.630846 
0.153191 0.0946167 0.300411 
0.224444 0.149649 0.342597 
0.126278 0.124155 0.311591 
0.0791999 0.199267 0.0326506 
0.100101 0.201686 0.370585 
0.0542595 0.143554 0.027712 
0.0976503 0.32934 0.505048 
0.0961442 0.815868 1.02034 
0.0789854 0.610796 0.678444 
0.0768917 0.8175 0.760259 
0.0749802 0.954908 0.754122 
0.0708916 0.83118 0.621834 
0.119579 0.946267 0.560767 
0.133135 0.811353 0.414182 
0.155569 0.827721 0.360315 
0.167609 0.883311 0.35849 
0.238091 0.952173 0.295333 
0.213447 0.932266 0.295892 
0.236828 1.02529 0.314062 
0.239795 1.02675 0.306481 
0.25814 1.03019 0.275615 
0.268865 1.03318 0.262386 
0.259564 1.0292 0.259723 
0.208982 0.916584 0.25247 
0.262824 1.03131 0.254107 
0.255085 1.02958 0.259921 
0.245436 1.0274 0.268535 
0.254136 1.02742 0.259684 
0.249182 1.02737 0.264623 
0.249144 1.02741 0.264682 
0.249052 1.02736 0.264754 
0.253123 1.0237 0.258838 
0.24575 1.02367 0.266426 
0.252941 1.0234 0.258873 
0.217235 0.925265 0.246885 
0.21686 0.90776 0.23852 
0.250519 1.02535 0.262463 
0.252795 1.02706 0.261565 
0.194894 0.874436 0.245249 
0.189641 0.849603 0.238059 
0.240242 1.025 0.275781 
0.243167 1.0234 0.274787 
0.200227 0.829824 0.226702 
0.192099 0.855127 0.249867 
0.238455 1.02381 0.292783 
0.239224 1.02364 0.296782 
0.201962 0.870663 0.272676 
0.232098 1.02219 0.321029 
0.184511 0.734093 0.242981 
0.21297 1.01697 0.364398 
0.207503 1.02054 0.385932 
0.176548 0.851986 0.341197 
0.160718 0.846898 0.373428 
0.155581 1.01686 0.50414 
0.129501 1.01776 0.583791 
0.119023 1.01747 0.633178 
0.0847486 1.01339 0.742218 
0.0935319 0.875173 0.850827 
0.0873182 0.160318 0.0110105 
0.0789679 0.194622 0.0256699 
0.0519648 0.127933 0.0168936 
0.0385412 0.0981757 0.0137464 
0.0723923 0.200653 0.0330279 
0.0599901 0.191794 0.0378188 
0.116822 0.0918031 0.284419 
0.0668492 0.212069 0.0451511 
0.0547023 0.139508 0.0201108 
0.0782971 0.229547 0.0453981 
0.0827419 0.245325 0.0495914 
0.0873646 0.253469 0.0456142 
0.0697868 0.18298 0.0273925 
0.0756532 0.197749 0.0294018 
0.0886962 0.24815 0.0444693 
0.0763769 0.225119 0.0419771 
0.0533953 0.139249 0.0204499 
0.2963 0.794349 0.124022 
0.276925 0.80221 0.139929 
0.145351 0.0667786 0.253038 
0.0685217 0.181223 0.0273867 
0.049639 0.135001 0.0212664 
0.0902778 0.234247 0.0347615 
0.0749935 0.213605 0.0367957 
0.105537 0.147882 0.316938 
0.101744 0.165079 0.322886 
0.0829343 0.206423 0.0278532 
0.0888926 0.248348 0.0421841 
0.073266 0.212756 0.0363496 
0.0936617 0.208833 0.0236458 
0.0682415 0.880764 0.981764 
0.0720382 0.981776 0.830298 
0.0759275 0.847873 0.671129 
0.098178 0.988132 0.654129 
0.113152 0.918549 0.533066 
0.113883 0.861779 0.483744 
0.141001 0.892778 0.434276 
0.156411 0.774274 0.320088 
0.211413 0.934357 0.310583 
0.240421 0.939983 0.272647 
0.238461 1.01822 0.317923 
0.243338 0.942014 0.251153 
0.255614 1.00549 0.273428 
0.249762 0.987811 0.263492 
0.265482 1.01974 0.254156 
0.264539 1.01966 0.250436 
0.274075 1.02176 0.239566 
0.266283 1.01994 0.244574 
0.274334 1.01992 0.236876 
0.254247 1.00416 0.248565 
0.258029 1.01988 0.252629 
0.253015 1.01814 0.256584 
0.238248 0.973267 0.249008 
0.249179 1.01812 0.260503 
0.247496 1.01492 0.260258 
0.244639 0.971672 0.241518 
0.252153 1.01628 0.256339 
0.263726 1.0163 0.244877 
0.259696 1.01627 0.248806 
0.255699 1.01471 0.252163 
0.2608 1.01473 0.247575 
0.268475 1.01601 0.240537 
0.266726 1.01584 0.243314 
0.254029 1.01606 0.258075 
0.245362 1.01607 0.269926 
0.241516 1.01705 0.28306 
0.244438 1.01543 0.284333 
0.254754 0.985912 0.264465 
0.24798 1.01582 0.299444 
0.236711 1.0163 0.323614 
0.229455 0.965329 0.32258 
0.193905 0.878675 0.329525 
0.146607 0.824545 0.386306 
0.159203 1.01705 0.497495 
0.135871 1.01777 0.564886 
0.10772 1.01586 0.663746 
0.0844533 1.01804 0.808232 
0.0699223 0.88706 0.916677 
0.0590714 0.171298 0.0292907 
0.0700863 0.226518 0.0455725 
0.0648451 0.184877 0.0308565 
0.0731737 0.176959 0.0225614 
0.069711 0.204287 0.0370394 
0.0668594 0.195428 0.0339137 
0.0773935 0.169056 0.017747 
0.0729782 0.154872 0.0152349 
0.146886 0.303892 0.0285411 
0.0695767 0.117321 0.00620797 
0.187639 0.344434 0.0242846 
0.36741 0.0748169 0.224015 
0.304716 0.722427 0.0888048 
0.956604 0.271865 0.47919 
0.345919 0.932287 0.142436 
0.301153 0.70675 0.0856621 
0.0488563 0.110227 0.0123852 
0.0431518 0.0989784 0.0114261 
0.0460368 0.121541 0.0179952 
0.0501487 0.118858 0.0146038 
0.216113 0.340518 0.0146546 
0.396754 0.143138 0.33943 
0.14466 0.371554 0.0574187 
0.0917986 0.177272 0.0139814 
0.116982 0.141655 0.338587 
0.0887257 0.228235 0.0335967 
0.0865504 0.194746 0.0216411 
0.0934436 0.201492 0.0211045 
0.0957977 0.633115 0.889753 
0.0806015 0.174048 0.017867 
0.100386 0.196028 0.0162205 
0.0799026 0.873996 0.710066 
0.0903702 0.885235 0.636921 
0.108364 0.898448 0.537566 
0.152561 0.931224 0.43754 
0.178962 0.903522 0.373308 
0.151049 0.867126 0.394184 
0.204439 0.912076 0.305417 
0.246577 0.953542 0.272909 
0.227245 0.908334 0.27183 
0.265867 1.02782 0.277754 
0.262703 1.02762 0.275673 
0.223873 0.88404 0.228471 
0.238704 1.02569 0.283521 
0.245001 1.02565 0.269351 
0.263398 1.02395 0.24937 
0.259409 1.02399 0.253321 
0.262141 1.02206 0.249435 
0.274024 1.02202 0.23798 
0.269722 1.02202 0.242056 
0.257087 1.02018 0.253325 
0.25813 1.02202 0.25339 
0.264744 1.01994 0.245675 
0.257156 1.01989 0.253125 
0.256182 1.01816 0.253089 
0.264618 1.01988 0.245772 
0.267063 1.02177 0.244939 
0.264283 1.02143 0.248092 
0.272077 1.0215 0.24332 
0.248489 1.02121 0.270052 
0.250225 1.01944 0.269962 
0.240685 1.01971 0.292578 
0.249925 1.02017 0.285062 
0.224485 0.923603 0.274262 
0.255264 0.999104 0.286649 
0.260014 1.01876 0.30678 
0.227321 1.01746 0.360597 
0.184444 0.830214 0.320258 
0.170084 1.01655 0.463098 
0.132627 1.0143 0.555356 
0.0997027 0.762342 0.516595 
0.0986228 0.954726 0.620401 
0.0844515 0.644258 0.602085 
0.0639804 0.151235 0.0184899 
0.0638224 0.14582 0.0169052 
0.0676828 0.1707 0.0234089 
0.0875412 0.201955 0.0238405 
0.100674 0.208941 0.019769 
0.0794425 0.183249 0.0214273 
0.0537699 0.118733 0.0127165 
0.0474168 0.10637 0.0117603 
0.0822731 0.187813 0.0214831 
0.0857839 0.195198 0.0221863 
0.0627546 0.139112 0.015 
0.0723852 0.147971 0.0133958 
0.111317 0.219788 0.0183581 
0.200181 0.0423862 0.254806 
0.203044 0.042395 0.256315 
0.0719906 0.137816 0.0105946 
0.0981213 0.189972 0.0150367 
0.162326 0.438106 0.0702997 
0.476424 0.791725 0.0411274 
0.0774596 0.137535 0.00856671 
0.176935 0.354651 0.0311408 
0.16414 0.365061 0.0402287 
0.115649 0.227659 0.0187943 
0.108587 0.246178 0.0281292 
0.135045 0.14091 0.354929 
0.115873 0.176511 0.391895 
0.149899 0.528548 0.983448 
0.130847 0.220914 0.0117274 
0.0813798 0.218331 0.0334143 
0.0818653 0.811446 1.01816 
0.0803986 0.78518 0.785184 
0.110673 0.217388 0.0181341 
0.109309 0.85857 0.53826 
0.0903787 0.798425 0.531 
0.108755 0.870862 0.515961 
0.145755 0.905027 0.437257 
0.176863 0.90155 0.356225 
0.209413 0.910753 0.308355 
0.202087 0.961089 0.352494 
0.241023 0.956297 0.276094 
0.253429 0.945491 0.24169 
0.24992 1.00547 0.282407 
0.253948 0.997256 0.262109 
0.26316 1.02706 0.262111 
0.270874 1.02508 0.244229 
0.272051 1.02705 0.242484 
0.268652 1.02505 0.244173 
0.268224 1.02502 0.244564 
0.276651 1.02341 0.235889 
0.271396 1.02342 0.240782 
0.279431 1.02316 0.233217 
0.276332 1.02317 0.236069 
0.277317 1.02315 0.235306 
0.281411 1.02312 0.231531 
0.281425 1.02315 0.231534 
0.269594 1.02311 0.24255 
0.263019 1.02305 0.24927 
0.272016 1.02314 0.241129 
0.273397 1.02317 0.240486 
0.260559 1.02288 0.254795 
0.255182 1.0228 0.266269 
0.258812 1.02245 0.266039 
0.222535 0.900626 0.24966 
0.232477 0.916582 0.256043 
0.208588 0.807378 0.232009 
0.183687 0.727107 0.22117 
0.26741 1.02045 0.301705 
0.19736 0.851178 0.295429 
0.188196 0.870206 0.335125 
0.184939 1.01594 0.435308 
0.157837 1.01433 0.48702 
0.1289 0.923216 0.517052 
0.123177 1.01596 0.614807 
0.0817494 1.01546 0.827136 
0.0697097 0.53613 0.561715 
0.086682 0.176159 0.0183648 
0.0803345 0.172499 0.0182132 
0.0319941 0.0853246 0.0142867 
0.0644012 0.184959 0.0357881 
0.05533 0.140686 0.0202409 
0.0818785 0.187316 0.0217768 
0.0529138 0.137363 0.0199973 
0.050339 0.128768 0.018241 
0.0550788 0.148773 0.023324 
0.0993417 0.283853 0.0502067 
0.119831 0.311879 0.0462737 
0.0607663 0.129052 0.0128067 
0.0772696 0.160572 0.0150783 
0.0868625 0.158409 0.0106673 
0.0946762 0.205113 0.0211742 
0.130933 0.335272 0.0473276 
0.185688 0.0574614 0.219222 
0.325042 0.765631 0.0931999 
0.35778 0.854145 0.10662 
0.0543015 0.134285 0.0178821 
0.0499494 0.130644 0.0191158 
0.0848797 0.159901 0.0117913 
0.098099 0.244988 0.0332455 
0.092598 0.227376 0.0298363 
0.0818953 0.213487 0.030956 
0.0894397 0.220972 0.0294118 
0.0700853 0.168153 0.0211376 
0.0871737 0.178357 0.0163 
0.0707518 0.165515 0.0199092 
0.085711 0.957258 0.820207 
0.0838908 0.870035 0.77398 
0.0806277 0.800701 0.645123 
0.103799 0.842689 0.560983 
0.097187 0.802241 0.523208 
0.156555 0.968121 0.446625 
0.1768 0.893537 0.361544 
0.164194 0.69902 0.25671 
0.234465 0.959998 0.298753 
0.244278 0.961477 0.280525 
0.269148 0.965698 0.251099 
0.237351 0.948291 0.260111 
0.261863 1.03998 0.285791 
0.243867 0.94257 0.238181 
0.24084 0.9556 0.242277 
0.254942 0.94317 0.218129 
0.222625 0.871577 0.213378 
0.230172 0.899684 0.220009 
0.249762 0.958444 0.23007 
0.246106 0.916191 0.212932 
0.235498 0.888717 0.209615 
0.28646 1.03452 0.232815 
0.282516 1.03452 0.23645 
0.22975 0.864387 0.203404 
0.278774 1.03451 0.239945 
0.229816 0.879821 0.210714 
0.286402 1.03224 0.232052 
0.273795 1.03003 0.242543 
0.271285 1.03008 0.245553 
0.268654 1.03187 0.249362 
0.281032 1.0318 0.240293 
0.27327 1.03176 0.250665 
0.256312 1.0318 0.270142 
0.273463 1.03512 0.261941 
0.265435 1.03376 0.274388 
0.225731 0.876505 0.239343 
0.22165 0.887164 0.250909 
0.264055 1.02687 0.292753 
0.246456 0.962901 0.296201 
0.210395 0.862353 0.294336 
0.193142 0.830946 0.30402 
0.167035 0.812085 0.338018 
0.1686 1.02096 0.486345 
0.152465 1.01865 0.518313 
0.132335 1.0198 0.584025 
0.0986053 1.02061 0.731331 
0.0740632 0.67385 0.588713 
0.076687 0.104604 0.00216245 
0.0935283 0.10579 0.373541 
0.0930643 0.153187 0.00745283 
0.0740156 0.148187 0.0135104 
0.0961117 0.198853 0.0186892 
0.067398 0.159708 0.0196269 
0.0579059 0.162034 0.0296192 
0.0760738 0.164807 0.0169417 
0.0570416 0.117648 0.0112125 
0.0669295 0.137411 0.0125401 
0.0621132 0.130461 0.0125518 
0.0657278 0.130515 0.0110288 
0.0626655 0.122142 0.0099344 
0.123516 0.207688 0.010875 
0.109123 0.194324 0.01223 
0.123082 0.205092 0.0104124 
0.166744 0.235592 0.00595419 
0.0696342 0.139295 0.0120845 
0.0761911 0.131207 0.00743055 
0.0830706 0.132186 0.00567989 
0.115615 0.219054 0.0164155 
0.0666849 0.13217 0.0110938 
0.0538644 0.124356 0.0145697 
0.0875415 0.178048 0.0158971 
0.0895177 0.164073 0.0112282 
0.0716872 0.126686 0.00779047 
0.124332 0.217053 0.0130092 
0.113767 0.222414 0.0181089 
0.0901111 0.207434 0.0242602 
0.0893121 0.185693 0.0174425 
0.112522 0.165848 0.00520667 
0.0839218 0.158855 0.0128229 
0.0753354 0.629496 0.727793 
0.0689713 0.693577 0.689559 
0.0684024 0.743133 0.647314 
0.0765308 0.803474 0.61565 
0.0955438 0.836523 0.547549 
0.167821 0.996269 0.455173 
0.140934 0.885542 0.43198 
0.186025 0.955088 0.391366 
0.17476 0.879758 0.356309 
0.199478 0.894938 0.317852 
0.268666 1.00864 0.270811 
0.22878 0.927952 0.279033 
0.205465 0.83449 0.247655 
0.258734 1.03323 0.275844 
0.268684 1.03556 0.262727 
0.267436 1.03321 0.252548 
0.25897 1.0293 0.257309 
0.260427 1.03142 0.255602 
0.263185 1.02919 0.251622 
0.265579 1.02713 0.248181 
0.259018 1.02711 0.254854 
0.257783 1.02707 0.255835 
0.261355 1.02673 0.252113 
0.258909 1.02675 0.254791 
0.267999 1.0267 0.246184 
0.245488 0.939107 0.224903 
0.269308 1.02671 0.245437 
0.270606 1.02674 0.244898 
0.266609 1.02474 0.248215 
0.218754 0.960461 0.268368 
0.257367 1.02881 0.270093 
0.245541 1.02443 0.283002 
0.217137 0.87336 0.242147 
0.258709 1.02091 0.28163 
0.209956 0.78234 0.221254 
0.202802 0.753738 0.224294 
0.24523 1.01821 0.322759 
0.201479 0.864552 0.307616 
0.212271 1.02354 0.403333 
0.192759 1.02255 0.438057 
0.180095 1.02199 0.471052 
0.131276 0.769921 0.412283 
0.117805 1.02039 0.652758 
0.0941894 1.02095 0.805284 
0.0473714 0.109898 0.0132655 
0.0628762 0.194685 0.0378746 
0.0490415 0.131546 0.019978 
0.0726415 0.181615 0.0245716 
0.0512817 0.120658 0.0147735 
0.0410192 0.108281 0.0160095 
0.0521669 0.144927 0.0232247 
0.0446608 0.110054 0.0145023 
0.0410372 0.116181 0.0191264 
0.0328721 0.124076 0.0292671 
0.185811 0.694111 0.166016 
0.225715 0.451885 0.0409963 
0.0638804 0.147649 0.0173968 
0.490384 1.09237 0.119935 
0.221179 0.431411 0.0350433 
0.412593 0.660324 0.0301054 
0.0586639 0.085126 0.0024887 
0.0599496 0.102888 0.00583801 
0.0679681 0.112604 0.00560497 
0.0497973 0.104471 0.0100178 
0.0440415 0.0980676 0.0107024 
0.039886 0.0872657 0.00919688 
0.117229 0.25118 0.0256924 
0.0606175 0.156518 0.0223827 
0.0436824 0.133133 0.0248716 
0.103467 0.193439 0.0163242 
0.0476653 0.129885 0.0210885 
0.0480207 0.121186 0.017063 
0.055261 0.1174 0.0116503 
0.0837152 0.689055 0.65993 
0.0901224 0.774128 0.626431 
0.0987812 0.769288 0.530225 
0.112242 0.826898 0.498984 
0.132973 0.820801 0.423105 
0.158965 0.816715 0.372408 
0.175595 0.842725 0.362667 
0.224339 0.9466 0.307873 
0.23267 0.922112 0.301678 
0.212262 0.858086 0.247407 
0.238112 0.950663 0.283394 
0.25218 0.944269 0.233324 
0.241972 0.916073 0.238416 
0.238328 0.932828 0.229723 
0.259633 1.03649 0.264103 
0.260664 1.03644 0.258901 
0.274928 1.03642 0.244292 
0.265729 1.03449 0.252074 
0.266243 1.03261 0.250846 
0.266081 1.03229 0.25083 
0.270957 1.03454 0.24741 
0.262357 1.03228 0.254524 
0.270035 1.03039 0.246308 
0.269895 1.03043 0.246451 
0.271375 1.03262 0.246383 
0.270067 1.0304 0.246309 
0.271042 1.03081 0.247943 
0.267835 1.03223 0.25499 
0.265732 1.03176 0.262278 
0.257236 1.03074 0.279791 
0.263915 1.03099 0.275311 
0.262677 1.0315 0.280098 
0.267287 1.02808 0.288022 
0.257819 1.02809 0.305302 
0.265183 1.02609 0.318468 
0.246795 1.02588 0.339283 
0.190562 0.959913 0.374667 
0.150094 0.929171 0.452511 
0.136908 0.9223 0.488398 
0.140366 1.01948 0.564349 
0.0889379 0.904128 0.646646 
0.0735607 0.985191 0.882702 
0.0793145 0.126655 0.00552073 
0.0716806 0.137678 0.0106922 
0.0724557 0.16019 0.0171784 
0.0762336 0.157534 0.0146038 
0.10151 0.20911 0.0192322 
0.0439073 0.103841 0.0127453 
0.0874862 0.183007 0.0174631 
0.0582604 0.118411 0.0105818 
0.0621417 0.128716 0.0120056 
0.0739863 0.13932 0.0103372 
0.0720943 0.139177 0.0109501 
0.103276 0.189274 0.0129318 
0.081008 0.163011 0.0141929 
0.0672873 0.141223 0.0136099 
0.068448 0.144142 0.013992 
0.0689191 0.140257 0.0125434 
0.143759 0.358371 0.0518794 
0.0567664 0.115091 0.0102539 
0.0964579 0.176117 0.0119751 
0.091652 0.193906 0.0192569 
0.0680576 0.133346 0.0109239 
0.108215 0.242836 0.026893 
0.108254 0.216709 0.020204 
0.162518 0.51783 0.983175 
0.102437 0.228788 0.025096 
0.10602 0.231522 0.0242615 
0.0879956 0.205617 0.0255537 
0.0899688 0.765908 0.756562 
0.0852987 0.771762 0.71165 
0.126177 0.989391 0.556638 
0.0938315 0.795448 0.565587 
0.156949 0.989475 0.468397 
0.126217 0.768963 0.411833 
0.152814 0.834801 0.394938 
0.185232 0.868809 0.359442 
0.230803 0.99352 0.321241 
0.252127 0.995963 0.291444 
0.274819 0.997562 0.265176 
0.258917 0.999628 0.269882 
0.23918 0.92831 0.268813 
0.269465 0.970634 0.230814 
0.259021 1.0292 0.275272 
0.259989 0.969182 0.227291 
0.24572 1.04358 0.282136 
0.2621 1.0096 0.244012 
0.250388 0.993805 0.24783 
0.241282 0.994212 0.256842 
0.243932 0.992325 0.25285 
0.240504 0.977925 0.249084 
0.258004 1.04087 0.263852 
0.263507 1.04097 0.259025 
0.267273 1.04093 0.255212 
0.257535 1.04088 0.266062 
0.265256 1.03848 0.257424 
0.253935 1.03603 0.268519 
0.263213 1.03606 0.263123 
0.259715 1.03605 0.275177 
0.258006 1.03339 0.279336 
0.266041 1.03052 0.281325 
0.272499 1.0336 0.281494 
0.2077 0.821302 0.235595 
0.243722 1.0036 0.312055 
0.23869 1.01981 0.335296 
0.258767 1.02273 0.32968 
0.217875 0.981417 0.366129 
0.179476 0.955942 0.419486 
0.152827 0.998364 0.487164 
0.120416 0.937981 0.554389 
0.0927837 0.855257 0.618847 
0.0713511 0.862595 0.78192 
0.0745229 0.0863622 0.00193838 
0.0483518 0.125459 0.0203449 
0.0474086 0.128278 0.0253404 
0.0581657 0.129624 0.0193796 
0.0544147 0.126213 0.0210971 
0.058354 0.159382 0.0279171 
0.0671338 0.159953 0.0267505 
0.0584374 0.148121 0.0275586 
0.0646474 0.22922 0.05551 
0.0627575 0.245219 0.0650443 
0.0692127 0.149952 0.0201108 
0.061859 0.197708 0.0424261 
0.0719112 0.232286 0.0500464 
0.143541 0.264771 0.0209065 
0.242324 0.0954887 0.463545 
0.107239 0.0401906 0.104319 
0.103512 0.366183 0.0826153 
0.351725 0.252538 1.01889 
0.351085 0.253055 1.01875 
0.131029 0.245809 0.0182044 
0.0691971 0.168206 0.0250918 
0.085164 0.217988 0.0343987 
0.0672178 0.174452 0.0281481 
0.137151 0.607367 1.01774 
0.134618 0.621853 1.01927 
0.149346 0.285792 0.03064 
0.0896696 0.759555 0.914528 
0.0856346 0.785585 0.752804 
0.081833 0.768805 0.686043 
0.147734 1.01443 0.510408 
0.0957159 0.773185 0.526401 
0.19868 1.01791 0.415349 
0.133726 0.795673 0.406037 
0.229424 1.01594 0.353886 
0.159143 0.792698 0.345405 
0.190097 0.879251 0.345751 
0.226763 0.929045 0.317601 
0.244231 0.977891 0.283441 
0.265792 1.01688 0.270066 
0.254802 0.98364 0.255083 
0.256102 0.956541 0.234161 
0.264651 1.00368 0.258511 
0.139887 0.521778 0.123089 
0.253818 0.999338 0.249953 
0.256191 1.02798 0.25955 
0.2583 1.02826 0.256838 
0.263878 1.0309 0.252837 
0.258541 1.02845 0.256687 
0.258141 1.02832 0.257047 
0.257831 1.04534 0.265695 
0.246881 1.01292 0.260868 
0.253806 1.02801 0.262907 
0.24239 1.04357 0.285861 
0.257694 1.04112 0.268535 
0.259609 1.02539 0.263262 
0.264629 1.03993 0.274241 
0.249915 0.996612 0.266305 
0.258887 0.943774 0.251833 
0.267796 1.01253 0.290306 
0.239208 0.980662 0.315083 
0.247183 1.03172 0.340404 
0.198202 1.00814 0.409243 
0.230156 1.02893 0.384605 
0.190527 1.00328 0.432591 
0.159554 0.997711 0.491841 
0.109066 0.870765 0.530574 
0.10106 0.961286 0.637229 
0.0872622 0.903587 0.695882 
0.0839468 0.928038 0.757988 
0.074579 0.732648 0.889229 
0.0902622 0.744349 1.02038 
0.0880946 0.225754 0.037636 
0.140155 0.565451 1.01913 
0.0713579 0.21543 0.0432946 
0.184372 0.43546 0.984698 
0.199712 0.412587 0.984867 
0.114695 0.104256 0.287143 
0.18422 0.213095 0.617001 
0.124045 0.0939145 0.270519 
0.144555 0.0781728 0.271437 
0.252022 0.145961 0.599263 
0.246236 0.143547 0.598833 
0.132528 0.0637572 0.206879 
0.110423 0.0408853 0.108576 
0.104911 0.0361232 0.0801783 
0.114214 0.0403808 0.106784 
0.255939 0.149373 0.615822 
0.258109 0.150881 0.615193 
0.259342 0.172829 0.669943 
0.292109 0.230439 0.859717 
0.215333 0.198202 0.632288 
0.189828 0.426615 0.0493089 
0.174443 0.354086 0.0314791 
0.238161 0.396225 1.01972 
0.162526 0.397426 0.0523925 
0.164329 0.308102 0.0224161 
0.146521 0.582325 1.02007 
0.204235 0.503051 0.0662455 
0.231589 0.319684 0.00836609 
0.0883847 0.722146 0.914805 
0.084668 0.541014 0.651197 
0.0874871 0.764339 0.68507 
0.0852803 0.731619 0.591242 
0.144695 1.0173 0.514475 
0.169183 1.01762 0.462658 
0.168958 1.01546 0.450947 
0.12572 0.743037 0.38573 
0.163977 0.850904 0.38178 
0.16827 0.825894 0.359995 
0.223043 1.01607 0.339618 
0.208536 0.881403 0.308133 
0.247078 0.909212 0.271317 
0.276419 1.02027 0.261228 
0.186855 0.69483 0.204054 
0.279775 1.02537 0.245737 
0.259193 1.01193 0.271097 
0.247611 1.02427 0.275794 
0.261856 0.993663 0.236738 
0.268433 1.00909 0.237411 
0.252418 1.00936 0.253273 
0.243423 1.00938 0.262046 
0.258141 1.02834 0.257038 
0.24362 1.00918 0.261734 
0.259759 1.03102 0.257054 
0.263458 1.03392 0.254509 
0.251206 1.00747 0.253281 
0.243407 1.00796 0.261565 
0.246178 1.02078 0.264989 
0.254536 1.03377 0.262985 
0.252532 1.03429 0.265871 
0.249325 1.01981 0.261831 
0.247197 1.01627 0.261132 
0.253638 1.01468 0.253722 
0.247979 1.01812 0.261389 
0.246974 1.01468 0.260667 
0.244431 1.00132 0.256665 
0.250864 1.01488 0.256792 
0.254536 1.0147 0.252992 
0.254497 1.01621 0.253695 
0.254755 1.01586 0.253262 
0.238648 0.983526 0.253261 
0.243035 0.999024 0.256785 
0.240058 1.00199 0.261401 
0.24006 0.986202 0.253349 
0.239816 0.985975 0.253489 
0.243529 1.00186 0.257717 
0.249692 1.02118 0.26152 
0.244605 1.01938 0.265703 
0.252455 1.01941 0.257605 
0.244953 1.01939 0.265347 
0.224934 0.970666 0.26138 
0.224923 0.970519 0.261316 
0.228514 0.970373 0.257376 
0.238945 1.01768 0.270446 
0.238768 1.01776 0.270676 
0.234815 0.985203 0.258109 
0.227083 1.00152 0.274898 
0.212466 0.954464 0.266386 
0.226446 1.00281 0.276219 
0.210005 0.958352 0.271252 
0.213102 0.957833 0.267469 
0.210844 0.944548 0.2631 
0.204814 0.930647 0.262549 
0.221035 0.980372 0.271004 
0.221567 0.979436 0.27015 
0.218599 0.978485 0.273596 
0.215109 0.978168 0.277461 
0.227932 0.959772 0.253188 
0.231778 0.960267 0.249357 
0.224424 0.975949 0.26541 
0.230149 0.973355 0.257573 
0.198913 0.952036 0.280649 
0.218143 0.993449 0.28096 
0.220314 0.986135 0.274516 
0.23087 1.02727 0.28415 
0.236706 0.926833 0.226921 
0.223029 1.04886 0.304595 
